3,7,6,7,0,3,6,5,7,2,7,6,4,7,7,4,5
7,4,0,4,4,-1,2,6,8,0,1,1,9,9,1,4,9
-1,6,4,-1,8,0,2,6,4,8,8,1,-1,4,7,-1,3
8,3,7,5,1,1,8,8,-1,4,0,5,5,6,7,5,0
5,8,7,3,3,2,0,4,3,1,8,2,3,7,8,-1,0
3,8,5,1,7,8,5,-1,7,1,4,9,1,4,9,8,3
6,0,9,3,0,6,-1,6,-1,8,2,6,-1,-1,7,9,1
4,8,2,1,2,0,0,5,-1,0,4,2,9,3,6,9,-1
0,1,1,3,0,8,6,1,3,2,8,-1,1,8,0,1,8
5,2,5,1,9,7,5,-1,4,7,-1,1,2,0,0,1,1
9,4,1,6,8,7,5,5,-1,0,7,2,0,-1,8,9,5
6,4,1,8,6,7,8,-1,6,8,1,2,3,4,9,-1,4
1,8,3,9,6,9,-1,7,7,2,6,8,8,2,9,9,7
9,4,5,6,6,3,3,0,2,-1,-1,2,3,9,5,8,9
3,3,0,4,0,7,8,8,7,3,4,3,9,-1,4,0,1
1,2,4,8,2,3,8,8,7,2,6,1,7,-1,9,8,8
3,-1,5,8,2,6,8,7,2,4,9,7,1,4,7,3,5
0,0
16,16
end